1.000000000 0.000000000 0.000000000 0.000000000 0.000000000 1.000000000 0.000000000 0.000000000 0.000000000 0.000000000 1.000000000 0.000000000
0.999998629 0.000777720 0.001471359 -0.006286246 -0.000770981 0.999989212 -0.004575183 -0.002296580 -0.001474902 0.004574042 0.999988437 0.964222431
0.999996662 -0.001442649 0.002145136 -0.002636344 0.001454091 0.999984682 -0.005342049 -0.000892984 -0.002137396 0.005345150 0.999983430 1.918564439
0.999993205 -0.002517493 0.002679631 -0.009566925 0.002520807 0.999996066 -0.001234538 -0.004717291 -0.002676513 0.001241284 0.999995589 2.850123405
0.999985576 -0.004944913 0.002084112 -0.007401209 0.004934457 0.999975383 0.004992796 -0.008567398 -0.002108750 -0.004982439 0.999985337 3.798031807
0.999963224 -0.008559381 0.000520334 -0.004301426 0.008556640 0.999950647 0.005060266 -0.005768118 -0.000563622 -0.005055627 0.999987006 4.735850334
0.999936819 -0.011233429 -0.000264852 -0.004523713 0.011233959 0.999934673 0.002096728 -0.001795512 0.000241281 -0.002099571 0.999997735 5.666633606
0.999928296 -0.011926960 -0.001136610 -0.008794331 0.011925228 0.999927759 -0.001519101 0.003779526 0.001154647 0.001505438 0.999998212 6.592803478
0.999933422 -0.011418412 -0.001681271 -0.014809225 0.011415512 0.999933481 -0.001724241 -0.002989299 0.001700847 0.001704933 0.999997020 7.520248413
0.999933004 -0.011240912 -0.002782649 -0.024642821 0.011241385 0.999936819 0.000154360 -0.002394389 0.002780737 -0.000185631 0.999996066 8.434371948
0.999934673 -0.010985870 -0.003159165 -0.033646796 0.010994489 0.999935865 0.002723566 0.002988463 0.003129042 -0.002758122 0.999991298 9.371800423
0.999927044 -0.011311026 -0.004240720 -0.040051389 0.011329494 0.999926388 0.004356806 0.004699092 0.004191128 -0.004404533 0.999981523 10.292503357
0.999911070 -0.012373701 -0.004965147 -0.042910900 0.012399525 0.999909520 0.005204179 0.006948151 0.004900303 -0.005265282 0.999974132 11.205788612
0.999900877 -0.012723478 -0.006024650 -0.048378974 0.012755955 0.999904096 0.005383087 0.007812347 0.005955582 -0.005459404 0.999967396 12.119770050
0.999893427 -0.013051732 -0.006545300 -0.060744017 0.013077870 0.999906540 0.003966876 0.010346044 0.006492914 -0.004052051 0.999970675 13.017336845
0.999884486 -0.013209559 -0.007533370 -0.076510176 0.013223528 0.999910891 0.001807106 0.017579442 0.007508828 -0.001906514 0.999970019 13.922369957
0.999851525 -0.014537143 -0.009254017 -0.085276008 0.014540422 0.999894202 0.000287230 0.024633095 0.009248862 -0.000421745 0.999957204 14.826787949
0.999842644 -0.014113368 -0.010741707 -0.104889877 0.014111371 0.999900341 -0.000261818 0.023569638 0.010744333 0.000110197 0.999942303 15.734398842
0.999835849 -0.013180983 -0.012430380 -0.117070921 0.013164904 0.999912381 -0.001374590 0.026464073 0.012447408 0.001210719 0.999921858 16.637405396
0.999835908 -0.011845236 -0.013701334 -0.139157295 0.011826730 0.999929011 -0.001430771 0.028935462 0.013717309 0.001268494 0.999905050 17.519281387
0.999807835 -0.012406418 -0.015177161 -0.157742262 0.012398257 0.999922931 -0.000631645 0.029095139 0.015183828 0.000443354 0.999884605 18.410274506
0.999785841 -0.012127182 -0.016770002 -0.176134318 0.012146911 0.999925613 0.001074973 0.024787044 0.016755715 -0.001278446 0.999858797 19.303888321
0.999764085 -0.011888252 -0.018176522 -0.197328001 0.011923580 0.999927163 0.001836492 0.024679026 0.018153366 -0.002052788 0.999833107 20.182624817
0.999728084 -0.012602331 -0.019619998 -0.216097936 0.012642714 0.999918163 0.001935525 0.021523980 0.019594001 -0.002183048 0.999805629 21.069686890
0.999689519 -0.012439362 -0.021590903 -0.236097842 0.012463566 0.999921799 0.000986786 0.028020689 0.021576939 -0.001255579 0.999766409 21.941781998
0.999660373 -0.012553390 -0.022836911 -0.257413089 0.012592512 0.999919534 0.001570052 0.028472029 0.022815365 -0.001857093 0.999738038 22.806966782
0.999648452 -0.012523896 -0.023372002 -0.287466496 0.012605759 0.999914885 0.003358538 0.032355994 0.023327950 -0.003651979 0.999721169 23.657602310
0.999619305 -0.013377942 -0.024134474 -0.309602946 0.013527235 0.999890327 0.006033134 0.037178226 0.024051115 -0.006357308 0.999690533 24.497690201
0.999586046 -0.013693986 -0.025300406 -0.327031791 0.013893732 0.999873519 0.007736048 0.039659813 0.025191268 -0.008084363 0.999649942 25.340671539
0.999595046 -0.012884410 -0.025371090 -0.361829191 0.013052659 0.999893844 0.006477082 0.042239666 0.025284944 -0.006805619 0.999657154 26.163858414
0.999596238 -0.010786623 -0.026287645 -0.385411143 0.010894055 0.999932885 0.003947001 0.043151878 0.026243310 -0.004231786 0.999646604 26.975429535
0.999580204 -0.010367762 -0.027054669 -0.411255836 0.010427658 0.999943614 0.002073698 0.049377955 0.027031643 -0.002354944 0.999631822 27.776670456
0.999576092 -0.009091254 -0.027660346 -0.443014443 0.009140095 0.999956846 0.001639748 0.053152736 0.027644247 -0.001891871 0.999615967 28.571805954
0.999548733 -0.009056830 -0.028640710 -0.472440541 0.009101797 0.999957561 0.001440039 0.049043160 0.028626451 -0.001700071 0.999588788 29.363679886
0.999470890 -0.009646144 -0.031063426 -0.492930144 0.009668807 0.999953091 0.000579428 0.045465022 0.031056380 -0.000879467 0.999517262 30.130722046
0.999405563 -0.009845688 -0.033037670 -0.521755457 0.009868966 0.999951184 0.000541637 0.045714810 0.033030719 -0.000867363 0.999454021 30.896671295
0.999351919 -0.009787514 -0.034641579 -0.555764318 0.009850441 0.999950051 0.001646321 0.048565332 0.034623731 -0.001986489 0.999398470 31.655466080
0.999264657 -0.009765445 -0.037076514 -0.576681912 0.009908617 0.999944150 0.003679698 0.053276882 0.037038505 -0.004044369 0.999305665 32.418872833
0.999186099 -0.008879960 -0.039348621 -0.604716539 0.009075994 0.999947190 0.004806145 0.058902629 0.039303873 -0.005159361 0.999213934 33.159721375
0.999134600 -0.007514805 -0.040909600 -0.648208559 0.007734306 0.999956548 0.005209894 0.057441056 0.040868670 -0.005521792 0.999149263 33.881877899
0.999072790 -0.004941745 -0.042768810 -0.687307060 0.005148613 0.999975502 0.004728067 0.053524114 0.042744402 -0.004943883 0.999073803 34.605667114
0.998996079 -0.003287815 -0.044678222 -0.720368147 0.003467716 0.999986172 0.003949684 0.058991022 0.044664618 -0.004100650 0.998993576 35.312305450
0.998904705 -0.003027018 -0.046692953 -0.747660577 0.003257705 0.999982834 0.004865211 0.064953849 0.046677426 -0.005011993 0.998897433 36.025352478
0.998876452 -0.001458295 -0.047368128 -0.790671945 0.001787917 0.999974489 0.006917093 0.064751312 0.047356833 -0.006994012 0.998853505 36.718521118
0.998853981 0.001061992 -0.047848888 -0.824877977 -0.000710134 0.999972582 0.007369910 0.069432780 0.047855396 -0.007327485 0.998827398 37.396598816
0.998917460 0.004681380 -0.046280436 -0.870065212 -0.004444203 0.999976456 0.005226329 0.070916593 0.046303816 -0.005014992 0.998914838 38.062698364
0.998982370 0.006079152 -0.044690236 -0.900607646 -0.005968879 0.999978781 0.002600514 0.064887382 0.044705100 -0.002331118 0.998997450 38.715633392
0.999057591 0.006394287 -0.042929258 -0.925664246 -0.006376094 0.999979556 0.000560726 0.072397605 0.042931966 -0.000286477 0.999077916 39.364269257
0.999197543 0.007270609 -0.039385960 -0.962866664 -0.007216782 0.999972820 0.001508649 0.073058121 0.039395854 -0.001223198 0.999222875 39.997383118
0.999265194 0.012290514 -0.036306378 -0.992768288 -0.012141341 0.999916852 0.004326353 0.073441833 0.036356535 -0.003882366 0.999331355 40.635482788
0.999330342 0.016418075 -0.032699335 -1.012812138 -0.016183216 0.999841273 0.007434111 0.077289626 0.032816209 -0.006899951 0.999437571 41.273063660
0.999365032 0.021333698 -0.028539022 -1.035832644 -0.021099435 0.999741435 0.008484548 0.080542743 0.028712656 -0.007877004 0.999556661 41.877841949
0.999419689 0.025077950 -0.023054922 -1.057350278 -0.024886776 0.999653697 0.008541774 0.088708758 0.023261150 -0.007963053 0.999697685 42.462524414
0.999436975 0.028927017 -0.016997391 -1.079860687 -0.028749600 0.999530435 0.010590951 0.094718724 0.017295778 -0.010096320 0.999799430 43.038082123
0.999366164 0.033904489 -0.010852333 -1.080338955 -0.033774715 0.999358296 0.011926195 0.091379166 0.011249720 -0.011552101 0.999870002 43.586273193
0.999296665 0.037311964 -0.003744885 -1.087408185 -0.037266772 0.999239326 0.011487702 0.095436335 0.004170664 -0.011340061 0.999927044 44.118930817
0.999164581 0.040710624 0.003559957 -1.090411425 -0.040749587 0.999101341 0.011655464 0.095673203 -0.003082259 -0.011790795 0.999925792 44.626079559
0.998952031 0.044501174 0.010705293 -1.083884120 -0.044618398 0.998943865 0.010971644 0.101574183 -0.010205736 -0.011437798 0.999882579 45.123703003
0.998639584 0.048782744 0.018415608 -1.079380751 -0.048938852 0.998768687 0.008123782 0.107695669 -0.017996637 -0.009013969 0.999797463 45.602550507
0.998351097 0.050910842 0.026517838 -1.072094560 -0.051071730 0.998680174 0.005425275 0.102947384 -0.026206635 -0.006770640 0.999633610 46.047134399
0.998090148 0.051259551 0.034476202 -1.056932807 -0.051462259 0.998662353 0.005017673 0.106574476 -0.034172885 -0.006782312 0.999392986 46.475822449
0.997826993 0.050437611 0.042395331 -1.033607602 -0.050753430 0.998690665 0.006405359 0.107371882 -0.042016752 -0.008543148 0.999080420 46.871501923
0.997364581 0.052360304 0.050224312 -1.010340452 -0.052782830 0.998580635 0.007122714 0.110759631 -0.049780078 -0.009754924 0.998712599 47.259853363
0.996706665 0.055469446 0.059152123 -0.998169899 -0.056008548 0.998402178 0.007493864 0.106994212 -0.058641929 -0.010782209 0.998220861 47.619663239
0.995891750 0.060439613 0.067429259 -0.966405153 -0.061032005 0.998112917 0.006758315 0.110299587 -0.066893548 -0.010845893 0.997701228 47.944454193
0.994976521 0.064267009 0.076755948 -0.950861931 -0.064992338 0.997861266 0.006986874 0.106377661 -0.076142773 -0.011940325 0.997025371 48.246940613
0.994239748 0.063620128 0.086254440 -0.925009251 -0.064525627 0.997886002 0.007748260 0.103723913 -0.085579157 -0.013269253 0.996242940 48.529304504
0.993363559 0.062368449 0.096638396 -0.881808281 -0.063222542 0.997982562 0.005798321 0.104852438 -0.096081816 -0.011869568 0.995302677 48.810562134
0.992238879 0.060779586 0.108479634 -0.846646309 -0.061279800 0.998119771 0.001280367 0.102611557 -0.108197846 -0.007918040 0.994097769 49.065685272
0.990645230 0.061757568 0.121688180 -0.804899693 -0.061861318 0.998080373 -0.002928770 0.105562881 -0.121635467 -0.004626420 0.992564082 49.332897186
0.988522351 0.063249104 0.137198031 -0.765430927 -0.063139841 0.997991323 -0.005152537 0.103984922 -0.137248352 -0.003569264 0.990530372 49.594326019
0.986018360 0.065208547 0.153347999 -0.714920521 -0.064991772 0.997865081 -0.006431518 0.099947780 -0.153439999 -0.003624762 0.988151312 49.844821930
0.983198106 0.065745071 0.170291260 -0.662033081 -0.065419510 0.997829437 -0.007528513 0.097540259 -0.170416623 -0.003738352 0.985365033 50.103511810
0.979933977 0.064757258 0.188509822 -0.602849007 -0.064240523 0.997895122 -0.008856266 0.097036302 -0.188686550 -0.003431413 0.982031345 50.359813690
0.976050735 0.064145826 0.207870752 -0.535667419 -0.063631199 0.997931302 -0.009168475 0.095779479 -0.208028883 -0.004278167 0.978113353 50.608409882
0.971626997 0.063935995 0.227712780 -0.456421852 -0.063259713 0.997944236 -0.010274794 0.090233684 -0.227901578 -0.004421780 0.973674119 50.835250854
0.966300249 0.066338114 0.248722747 -0.382034302 -0.065242678 0.997789204 -0.012654379 0.089371800 -0.249012336 -0.003999408 0.968492091 51.074005127
0.960042953 0.067561574 0.271575063 -0.298635483 -0.066022575 0.997708201 -0.014810742 0.086191356 -0.271953315 -0.003711139 0.962303340 51.323925018
0.952761710 0.069087066 0.295756757 -0.203485489 -0.067415066 0.997598886 -0.015859943 0.076104522 -0.296142370 -0.004827716 0.955131590 51.558444977
0.944245279 0.071726978 0.321334869 -0.104704857 -0.070082262 0.997401416 -0.016698251 0.068608403 -0.321697563 -0.006752634 0.946818411 51.794082642
0.934418619 0.073777482 0.348451883 0.005327225 -0.072112553 0.997238278 -0.017765488 0.059840739 -0.348800242 -0.008527352 0.937158287 52.030239105
0.923155367 0.074634984 0.377112210 0.124221802 -0.072738990 0.997164488 -0.019288596 0.054561973 -0.377482533 -0.009624390 0.925966740 52.272563934
0.910582900 0.072606534 0.406899273 0.266923904 -0.069944784 0.997320652 -0.021433953 0.045455098 -0.407365263 -0.008943090 0.913221538 52.508525848
0.895653486 0.070121437 0.439189851 0.412984848 -0.066226445 0.997510910 -0.024205815 0.038059354 -0.439794004 -0.007405963 0.898068070 52.735382080
0.878346324 0.069385879 0.472962379 0.567285538 -0.063538507 0.997576654 -0.028350960 0.027433634 -0.473783374 -0.005149357 0.880626321 52.956645966
0.858881474 0.071190730 0.507202625 0.730712891 -0.062778272 0.997458518 -0.033696018 0.022140622 -0.508312404 -0.002900421 0.861167848 53.177463531
0.837120712 0.073080570 0.542114615 0.917020798 -0.062310718 0.997324467 -0.038227081 0.012716174 -0.543457747 -0.001778865 0.839434564 53.405368805
0.812546790 0.075721249 0.577956796 1.111568451 -0.063058876 0.997126222 -0.041984744 0.003068805 -0.579475045 -0.002330735 0.814986587 53.628486633
0.784932017 0.079985373 0.614397287 1.323595047 -0.066333979 0.996781349 -0.045020167 -0.007636666 -0.616020739 -0.005417656 0.787711382 53.863990784
0.755025387 0.084347300 0.650247693 1.547872543 -0.070021287 0.996392787 -0.047943562 -0.023461342 -0.651946068 -0.009332571 0.758207917 54.090286255
0.721966326 0.085266836 0.686654389 1.807954788 -0.069501288 0.996295750 -0.050641797 -0.041890144 -0.688428879 -0.011161690 0.725217998 54.327217102
0.685179710 0.082865231 0.723644972 2.081333160 -0.066005148 0.996483624 -0.051611587 -0.062507629 -0.725377202 -0.012401082 0.688239872 54.549858093
0.646213710 0.081294328 0.758814216 2.384643555 -0.062991567 0.996599257 -0.053124778 -0.085889697 -0.760552347 -0.013468945 0.649136901 54.760917664
0.603551269 0.080582574 0.793241620 2.716819763 -0.060854487 0.996633530 -0.054942250 -0.108236313 -0.794998407 -0.015111845 0.606423259 54.981502533
0.557338357 0.080685839 0.826355696 3.075494766 -0.057473324 0.996628821 -0.058548324 -0.125409126 -0.828293860 -0.014862182 0.560096741 55.191028595
0.508659363 0.079193398 0.857317924 3.448629379 -0.054058883 0.996733606 -0.059997767 -0.153023720 -0.859269023 -0.015827222 0.511279047 55.383380890
0.460177094 0.078011945 0.884393096 3.889730453 -0.052626751 0.996777296 -0.060541995 -0.168681741 -0.886266053 -0.018682698 0.462799579 55.577796936
0.411147654 0.075644150 0.908424795 4.324575424 -0.051623318 0.996883869 -0.059645694 -0.190289259 -0.910105824 -0.022372719 0.413771451 55.735076904
0.360687673 0.075543791 0.929622293 4.782032013 -0.054705579 0.996712029 -0.059770267 -0.211374640 -0.931080878 -0.029297123 0.363634408 55.897045135
0.310912073 0.076266244 0.947373748 5.256666183 -0.053412996 0.996602058 -0.062700018 -0.233205557 -0.948936641 -0.031107886 0.313929260 56.036804199
0.263549000 0.072489589 0.961918473 5.729692459 -0.042279288 0.997082293 -0.063555717 -0.271903515 -0.963719010 -0.023919186 0.265844911 56.125350952
0.219578519 0.066768669 0.973307312 6.240493774 -0.028619237 0.997666836 -0.061983202 -0.296156764 -0.975175023 -0.014245131 0.220977068 56.197525024
0.177277952 0.065805875 0.981958330 6.760685921 -0.019570732 0.997800410 -0.063334338 -0.326420367 -0.983966172 -0.007989861 0.178175926 56.258403778
0.138735890 0.067283630 0.988041162 7.299302578 -0.016129315 0.997710526 -0.065677293 -0.348392248 -0.990198076 -0.006824628 0.139503509 56.316173553
0.106196627 0.068163909 0.992006004 7.811503887 -0.007579432 0.997674108 -0.067741983 -0.382541299 -0.994316280 -0.000324871 0.106466264 56.333393097
0.077181153 0.066530645 0.994794726 8.372989655 -0.000197671 0.997772098 -0.066714421 -0.418059230 -0.997017026 0.004952454 0.077022344 56.355781555
0.052471172 0.064670302 0.996526241 8.943206787 0.006459169 0.997858107 -0.065096833 -0.454251260 -0.998601556 0.009852441 0.051941071 56.362976074
0.032378815 0.063699566 0.997443736 9.520438194 0.011337902 0.997879386 -0.064095445 -0.481221318 -0.999411345 0.013384255 0.031587936 56.366958618
0.016538184 0.065794259 0.997696161 10.098626137 0.014288214 0.997715116 -0.066032358 -0.507992804 -0.999761164 0.015347354 0.015560314 56.360691071
0.003113204 0.065851554 0.997824550 10.693779945 0.015116008 0.997712195 -0.065891311 -0.537309885 -0.999880910 0.015288256 0.002110668 56.356719971
-0.008537369 0.066362798 0.997759104 11.306288719 0.015828190 0.997679353 -0.066222079 -0.579048693 -0.999838233 0.015227356 -0.009567963 56.350048065
-0.017452542 0.069106512 0.997456729 11.928482056 0.020665195 0.997420430 -0.068742432 -0.620822668 -0.999634147 0.019412905 -0.018835619 56.326812744
-0.024016524 0.071145833 0.997176766 12.558912277 0.024755871 0.997200847 -0.070551321 -0.651401520 -0.999404967 0.022991577 -0.025710577 56.300457001
-0.028633747 0.070482843 0.997102022 13.198346138 0.025193384 0.997244954 -0.069769472 -0.685321927 -0.999272406 0.023122611 -0.030330561 56.282779694
-0.032405663 0.067804866 0.997172236 13.849518776 0.022914248 0.997484386 -0.067081437 -0.720743597 -0.999212086 0.020675635 -0.033877846 56.265499115
-0.035057716 0.060745481 0.997537494 14.544491768 0.020722350 0.997980535 -0.060044210 -0.762740195 -0.999170423 0.018566305 -0.036245711 56.260227203
-0.035974935 0.055527363 0.997808814 15.238730431 0.022346897 0.998250186 -0.054746233 -0.794254303 -0.999102831 0.020328440 -0.037152845 56.218040466
-0.036285665 0.053084664 0.997930527 15.930910110 0.024998598 0.998323858 -0.052196618 -0.826126397 -0.999028862 0.023052875 -0.037551880 56.187862396
-0.036003124 0.054966189 0.997838974 16.617269516 0.028575445 0.998134553 -0.053951450 -0.870527267 -0.998943031 0.026571274 -0.037506647 56.157268524
-0.035045639 0.062319767 0.997440815 17.324893951 0.029342551 0.997687638 -0.061304234 -0.901840687 -0.998954892 0.027119014 -0.036793225 56.135047913
-0.032909241 0.070385896 0.996976912 18.027938843 0.030202584 0.997131526 -0.069399878 -0.937278152 -0.999001980 0.027827382 -0.034940675 56.116615295
-0.030854082 0.071459770 0.996966183 18.779462814 0.030763900 0.997036397 -0.070512719 -0.969576955 -0.999050319 0.028494967 -0.032961018 56.082336426
-0.028897673 0.067271754 0.997316241 19.507749557 0.029995956 0.997341752 -0.066404343 -1.009890437 -0.999132216 0.027996518 -0.030838743 56.070030212
-0.026142258 0.060687765 0.997814357 20.255193710 0.029508866 0.997767448 -0.059911780 -1.056622028 -0.999222636 0.027878147 -0.027874719 56.048599243
-0.022887707 0.059053633 0.997992456 20.997865677 0.027910957 0.997902513 -0.058408212 -1.099036098 -0.999348462 0.026518090 -0.024487944 56.032470703
-0.019746764 0.064399801 0.997728765 21.742231369 0.034967609 0.997357368 -0.063683741 -1.148391962 -0.999193370 0.033630643 -0.021946480 56.019184113
-0.016903000 0.069819860 0.997416317 22.485036850 0.037593167 0.996897936 -0.069146492 -1.191642523 -0.999150097 0.036327254 -0.019475320 56.004280090
-0.014777884 0.070329353 0.997414291 23.217756271 0.031117499 0.997072458 -0.069844209 -1.234298110 -0.999406457 0.030004885 -0.016923096 56.012168884
-0.011541151 0.066695176 0.997706652 23.961582184 0.026784711 0.997435629 -0.066367231 -1.280282378 -0.999574542 0.025957331 -0.013297969 56.013805389
-0.006415951 0.062864825 0.998001337 24.696107864 0.030888740 0.997558057 -0.062638327 -1.332001328 -0.999502182 0.030425120 -0.008342101 56.001293182
-0.002941865 0.064275987 0.997927785 25.455839157 0.035342865 0.997315466 -0.064132363 -1.375930429 -0.999370873 0.035080969 -0.005205667 55.994049072
-0.000154770 0.068798937 0.997630477 26.200668335 0.035157774 0.997014105 -0.068750978 -1.420206547 -0.999381721 0.035063837 -0.002573126 55.996593475
0.003791369 0.069367565 0.997583926 26.947338104 0.031262763 0.997095346 -0.069452390 -1.466729283 -0.999504030 0.031450555 0.001611734 56.009685516
0.007306778 0.069011994 0.997589111 27.687894821 0.030729704 0.997129083 -0.069205239 -1.509514093 -0.999501050 0.031161280 0.005165081 56.021953583
0.011039182 0.066263221 0.997741103 28.444520950 0.034401651 0.997186005 -0.066606991 -1.558572769 -0.999347091 0.035059225 0.008728555 56.019538879
0.014886643 0.066823028 0.997653782 29.193321228 0.038945384 0.996968448 -0.067358263 -1.605335474 -0.999130428 0.039856751 0.012239065 56.021453857
0.018413985 0.067694753 0.997536123 29.935060501 0.041826408 0.996779799 -0.068415515 -1.653593779 -0.998955131 0.042983159 0.015523260 56.033428192
0.020846989 0.067867912 0.997476399 30.682277679 0.041761450 0.996763468 -0.068692207 -1.696597815 -0.998910069 0.043088093 0.017945252 56.057548523
0.024401255 0.065960698 0.997523844 31.433874130 0.043621339 0.996800303 -0.066979930 -1.751739740 -0.998750031 0.045147713 0.021445887 56.070354462
0.028089134 0.065190084 0.997477472 32.183506012 0.045798216 0.996739328 -0.066431537 -1.795368671 -0.998555660 0.047548685 0.025011955 56.092281342
0.030644063 0.065282732 0.997396171 32.936519623 0.044108685 0.996804416 -0.066599205 -1.844766617 -0.998556614 0.046034701 0.027666606 56.122722626
0.033781238 0.067387931 0.997154772 33.697818756 0.041098844 0.996786535 -0.068755388 -1.887232780 -0.998583853 0.043304540 0.030903120 56.153968811
0.036179148 0.067638792 0.997053683 34.447753906 0.042638019 0.996693850 -0.069161564 -1.932327986 -0.998435318 0.045014601 0.033175554 56.192741394
0.039371051 0.066859104 0.996985376 35.200935364 0.040997222 0.996810734 -0.068466373 -1.984481573 -0.998383284 0.043569222 0.036504447 56.210617065
0.041859284 0.067158595 0.996863902 35.963356018 0.039259613 0.996857285 -0.068806700 -2.031241894 -0.998351872 0.042016689 0.039091107 56.245265961
0.044682756 0.066929065 0.996756792 36.719749451 0.036559515 0.996975362 -0.068582632 -2.084539652 -0.998332083 0.039505400 0.042100709 56.286876678
0.047579259 0.069195107 0.996467948 37.487762451 0.034918018 0.996872723 -0.070890486 -2.129313946 -0.998256922 0.038167603 0.045014299 56.334152222
0.051042113 0.072747000 0.996043622 38.255973816 0.033604585 0.996653676 -0.074513629 -2.183294773 -0.998130977 0.037274960 0.048426673 56.381088257
0.054195564 0.074668430 0.995734632 39.021224976 0.033881254 0.996488452 -0.076569036 -2.238492250 -0.997955382 0.037886441 0.051475395 56.421886444
0.057047982 0.077143162 0.995386600 39.794906616 0.027989255 0.996494889 -0.078833178 -2.286404848 -0.997979045 0.032357398 0.054688841 56.477550507
0.059697129 0.076371543 0.995290697 40.570877075 0.024280440 0.996662974 -0.077933162 -2.339564800 -0.997921169 0.028818483 0.057643577 56.535564423
0.063337669 0.076725230 0.995038509 41.350688934 0.026354237 0.996564031 -0.078520410 -2.398919582 -0.997644067 0.031196781 0.061098017 56.591037750
0.067264482 0.078081809 0.994675100 42.120208740 0.025602963 0.996469796 -0.079954073 -2.452622414 -0.997406602 0.030844705 0.065027885 56.636913300
0.071325496 0.079172783 0.994305909 42.905254364 0.021926159 0.996479511 -0.080918707 -2.505452156 -0.997212172 0.027572881 0.069338441 56.700599670
0.075503789 0.077076763 0.994162142 43.696884155 0.021066030 0.996662259 -0.078870505 -2.561415195 -0.996922910 0.026898075 0.073628075 56.766189575
0.079755284 0.076722465 0.993857563 44.503196716 0.020637959 0.996692717 -0.078597508 -2.631420612 -0.996600807 0.026779758 0.077908114 56.847709656
0.084814169 0.080512851 0.993138492 45.287807465 0.017376367 0.996458828 -0.082265958 -2.685393810 -0.996245205 0.024234461 0.083114803 56.909187317
0.090688474 0.089010715 0.991893470 46.074253082 0.015333025 0.995754659 -0.090759121 -2.747462511 -0.995761216 0.023439536 0.088938691 56.990936279
0.098007619 0.094116800 0.990725219 46.874698639 0.014129283 0.995286047 -0.095947810 -2.808376312 -0.995085359 0.023401855 0.096215814 57.077735901
0.105553202 0.096785262 0.989692450 47.673152924 0.009469612 0.995109320 -0.098324962 -2.881128550 -0.994368553 0.019750517 0.104120456 57.171115875
0.112423368 0.095170669 0.989092290 48.480468750 0.006044217 0.995318830 -0.096456788 -2.949060202 -0.993641973 0.016822288 0.111321852 57.272502899
0.119688541 0.093949184 0.988356233 49.289066315 0.005988121 0.995426178 -0.095346361 -3.015014172 -0.992793500 0.017330267 0.118578508 57.381645203
0.127490088 0.090269163 0.987723470 50.114059448 0.005672913 0.995767176 -0.091736495 -3.086819649 -0.991823614 0.017298762 0.126438349 57.491592407
0.134664476 0.084558435 0.987276673 50.919784546 0.003497731 0.996305525 -0.085808814 -3.160585880 -0.990885139 0.015008627 0.133871183 57.612182617
0.141807288 0.077401385 0.986863613 51.720973969 0.000558867 0.996931911 -0.078271374 -3.219941616 -0.989894152 0.011650977 0.141328961 57.729003906
0.149534807 0.074626453 0.985936165 52.534889221 0.000484188 0.997141957 -0.075548068 -3.289259434 -0.988756299 0.011774448 0.149071336 57.854625702
0.156674832 0.076420873 0.984689236 53.337108612 0.000060074 0.997001171 -0.077385955 -3.352430820 -0.987650275 0.012183584 0.156200439 57.991218567
0.162340909 0.082996294 0.983238101 54.116886139 0.000994283 0.996442020 -0.084275022 -3.410032988 -0.986734211 0.014658903 0.161680818 58.124496460
0.168225318 0.087237269 0.981880784 54.895889282 -0.000549846 0.996084452 -0.088405021 -3.460855246 -0.985748470 0.014332080 0.167614579 58.251010895
0.172783628 0.089859776 0.980852127 55.663665771 -0.001359055 0.995850444 -0.090994403 -3.530723572 -0.984958887 0.014389314 0.172188789 58.404582977
0.177860588 0.089150324 0.980009079 56.425704956 -0.004272265 0.995948374 -0.089824937 -3.603333235 -0.984046459 0.011789455 0.177520841 58.552383423
0.182936385 0.086042553 0.979352295 57.200778961 -0.001279039 0.996182799 -0.087282300 -3.679592133 -0.983123899 0.014714479 0.182348132 58.697925568
0.187405944 0.079580612 0.979053557 57.960105896 -0.000030532 0.996713281 -0.081010200 -3.733757973 -0.982282519 0.015151900 0.186792433 58.845947266
0.190772071 0.073711984 0.978862882 58.708858490 -0.002047732 0.997204304 -0.074694075 -3.791856289 -0.981632173 0.012245093 0.190389663 58.994739532
0.194007382 0.069910213 0.978505850 59.446178436 -0.005428187 0.997518718 -0.070192352 -3.854595423 -0.980984986 0.008306323 0.193905473 59.153984070
0.197402179 0.069785886 0.977835536 60.175243378 -0.007210908 0.997539401 -0.069736376 -3.907750845 -0.980296016 0.006715032 0.197419658 59.301475525
0.199256986 0.072171733 0.977285981 60.891159058 -0.009039838 0.997377217 -0.071812324 -3.956584454 -0.979905546 0.005474602 0.199386805 59.459613800
0.200840473 0.076511174 0.976631463 61.591331482 -0.013356649 0.997066498 -0.075365365 -4.010803223 -0.979532957 0.002091890 0.201273263 59.612735748
0.202627212 0.080570623 0.975935757 62.279014587 -0.014497094 0.996747017 -0.079278827 -4.063791275 -0.979148567 0.001915816 0.203136146 59.767311096
0.204639986 0.086043037 0.975048304 62.957786560 -0.014496489 0.996286154 -0.084874697 -4.115168571 -0.978729904 0.003233983 0.205127329 59.919075012
0.206299499 0.087713636 0.974549592 63.634407043 -0.014221313 0.996137559 -0.086646199 -4.177111626 -0.978385508 0.004015692 0.206750110 60.064315796
0.207924291 0.087340675 0.974237740 64.307846069 -0.015902657 0.996175706 -0.085913442 -4.231537342 -0.978015602 0.002370521 0.208518058 60.209949493
0.208685070 0.084476091 0.974327624 64.980590820 -0.015867898 0.996423781 -0.082993224 -4.288492203 -0.977854133 0.001858916 0.209279224 60.362113953
0.209344417 0.082165264 0.974383831 65.635169983 -0.016008541 0.996617854 -0.080600776 -4.341958523 -0.977710903 0.001274860 0.209951758 60.504013062
0.209351003 0.080752447 0.974500477 66.278587341 -0.014821470 0.996731758 -0.079410575 -4.394913197 -0.977728188 0.002181153 0.209863663 60.643440247
0.207123742 0.080461428 0.975000381 66.911407471 -0.015127263 0.996756375 -0.079043277 -4.440398216 -0.978197813 0.001622655 0.207669079 60.789451599
0.206281394 0.080990374 0.975135148 67.538566589 -0.016152015 0.996714652 -0.079365864 -4.496054649 -0.978359282 0.000621302 0.206911832 60.915657043
0.203785390 0.083683491 0.975432456 68.152214050 -0.016750071 0.996492267 -0.081990831 -4.548055649 -0.978872299 0.000369973 0.204472259 61.056671143
0.201380461 0.087259084 0.975618720 68.748588562 -0.014669054 0.996181071 -0.086070299 -4.600121021 -0.979403257 0.003021473 0.201891422 61.180839539
0.199655607 0.088268615 0.975882351 69.354431152 -0.012448158 0.996082425 -0.087548949 -4.645516396 -0.979787111 0.005331702 0.199972242 61.307727814
0.198088571 0.087231219 0.976294875 69.942787170 -0.012985837 0.996178269 -0.086372979 -4.690020561 -0.980098188 0.004431495 0.198464289 61.418846130
0.195576638 0.084282525 0.977060020 70.521430969 -0.013503568 0.996437073 -0.083251037 -4.740424156 -0.980595410 0.003088161 0.196017906 61.538375854
0.193500221 0.080474839 0.977794170 71.093544006 -0.012685496 0.996752203 -0.079524733 -4.786889553 -0.981018245 0.002984246 0.193892598 61.649917603
0.192006901 0.079619683 0.978158534 71.658576965 -0.008806691 0.996803284 -0.079408608 -4.834404945 -0.981354058 0.006632661 0.192094296 61.752853394
0.190237865 0.081308171 0.978365242 72.212135315 -0.005424983 0.996636212 -0.081771754 -4.875894070 -0.981723011 0.010248471 0.190039054 61.856132507
0.187371418 0.083160259 0.978762686 72.756408691 -0.001178988 0.996428251 -0.084435515 -4.919591427 -0.982288480 0.014666852 0.186800212 61.963752747
0.185970083 0.085148692 0.978858948 73.307586670 -0.001692106 0.996264160 -0.086341269 -4.960812569 -0.982553959 0.014400560 0.185419455 62.064384460
0.184349909 0.087313302 0.978974700 73.851608276 -0.002325926 0.996082246 -0.088401102 -5.009554863 -0.982857943 0.014019712 0.183830783 62.168735504
0.183216453 0.085659347 0.979333580 74.405197144 -0.000549539 0.996205330 -0.087032251 -5.057603359 -0.983072460 0.015407559 0.182568312 62.270637512
0.184417054 0.084572792 0.979202628 74.960311890 0.005557513 0.996185362 -0.087086231 -5.093756199 -0.982832432 0.021502120 0.183243558 62.359729767
0.186236635 0.082426697 0.979041159 75.504760742 0.010779934 0.996243238 -0.085925542 -5.137010574 -0.982445776 0.026556483 0.184648409 62.462005615
0.188271523 0.081725575 0.978710711 76.069046021 0.013589545 0.996219516 -0.085801795 -5.184695244 -0.982023001 0.029454269 0.186449155 62.569015503
0.190755531 0.081924565 0.978213012 76.629295349 0.010381331 0.996287286 -0.085462682 -5.227790833 -0.981582701 0.026457632 0.189196795 62.705432892
0.196734622 0.082426332 0.976985812 77.177696228 0.008601239 0.996276498 -0.085785858 -5.278792858 -0.980418980 0.025280342 0.195293114 62.808097839
0.203187808 0.081239507 0.975763679 77.738357544 0.009963669 0.996328890 -0.085026480 -5.322292328 -0.979089022 0.026998533 0.201632425 62.928661346
0.211001456 0.081579246 0.974075556 78.311096191 0.008182406 0.996329010 -0.085215434 -5.362412453 -0.977451444 0.025950866 0.209559366 63.056484222
0.219242558 0.079596229 0.972418189 78.881179810 0.008527162 0.996472418 -0.083487697 -5.407048702 -0.975633144 0.026596023 0.217790455 63.198890686
0.228309795 0.079086356 0.970371008 79.460418701 0.005228840 0.996581197 -0.082452767 -5.455643654 -0.973574519 0.023898683 0.227115721 63.343227386
0.237491295 0.078534722 0.968209743 80.049446106 0.003780673 0.996644199 -0.081768490 -5.509129524 -0.971382320 0.023079790 0.236397430 63.509078979
0.247374043 0.082785040 0.965376914 80.646171570 -0.001750992 0.996379852 -0.084994987 -5.549388885 -0.968918502 0.019335184 0.246623456 63.672512054
0.256324053 0.084924117 0.962853014 81.243606567 -0.004973500 0.996235490 -0.086544491 -5.594475269 -0.966578126 0.017394681 0.255781531 63.856353760
0.267505884 0.087799817 0.959547698 81.845916748 -0.009238586 0.996027768 -0.088562220 -5.641848564 -0.963512003 0.014826054 0.267254472 64.029830933
0.277965456 0.089454614 0.956416726 82.456214905 -0.010428770 0.995876849 -0.090114400 -5.691991806 -0.960534573 0.015074440 0.277752280 64.215255737
0.287335187 0.090429477 0.953551769 83.057861328 -0.014044804 0.995824099 -0.090206213 -5.740861893 -0.957727075 0.012526969 0.287405401 64.410369873
0.297763646 0.090710163 0.950320125 83.689262390 -0.014584164 0.995791435 -0.090480834 -5.790742874 -0.954528213 0.013082276 0.297833413 64.618911743
0.307769388 0.091805130 0.947021604 84.333518982 -0.018962387 0.995728314 -0.090364270 -5.839454174 -0.951271951 0.009853568 0.308195561 64.844566345
0.317559898 0.087057494 0.944233418 84.979736328 -0.018322021 0.996154070 -0.085682556 -5.888178825 -0.948061168 0.009909083 0.317933679 65.079376221
0.329304993 0.080002025 0.940828443 85.639083862 -0.014998371 0.996721625 -0.079505160 -5.939608097 -0.944104433 0.012070559 0.329425365 65.299324036
0.340426862 0.075472102 0.937237144 86.308113098 -0.013040710 0.997056544 -0.075552449 -5.989352226 -0.940180540 0.013497839 0.340409040 65.546264648
0.350491315 0.072106026 0.933786213 86.983535767 -0.014196957 0.997326374 -0.071683787 -6.043645859 -0.936458290 0.011867626 0.350577921 65.811569214
0.359909803 0.070128269 0.930347800 87.651931763 -0.007964195 0.997365713 -0.072098978 -6.079639435 -0.932953119 0.018539667 0.359520137 66.070137024
0.368777394 0.064496890 0.927277505 88.360549927 -0.000930044 0.997614920 -0.069019347 -6.119122505 -0.929517329 0.024590364 0.367957801 66.347160339
0.375752389 0.055281255 0.925069749 89.076202393 0.008492046 0.997971952 -0.063087180 -6.162271023 -0.926681161 0.031560898 0.374520928 66.629333496
0.382609725 0.050792903 0.922512829 89.780914307 0.013357862 0.998079181 -0.060493670 -6.210796833 -0.923813522 0.035468258 0.381196320 66.916229248
0.390147835 0.050456382 0.919368684 90.486724854 0.015680855 0.997988462 -0.061425570 -6.262466908 -0.920618653 0.038381539 0.388571858 67.217208862
0.397710919 0.056959309 0.915741086 91.202819824 0.017732298 0.997407556 -0.069740213 -6.302552223 -0.917339385 0.043974642 0.395669878 67.526985168
0.404609114 0.061381254 0.912427425 91.908874512 0.021494389 0.996830881 -0.076590821 -6.345427513 -0.914237082 0.050601408 0.402007580 67.840026855
0.410006046 0.063568763 0.909864843 92.615600586 0.019575521 0.996725142 -0.078458533 -6.397631645 -0.911872745 0.049979553 0.407419026 68.161178589
0.414018780 0.064700954 0.907966018 93.302070618 0.012733568 0.996961474 -0.076849006 -6.459610462 -0.910179257 0.043378588 0.411936879 68.496795654
0.418030947 0.068767533 0.905826211 93.986198425 0.005657534 0.996914268 -0.078293540 -6.514546871 -0.908415139 0.037853871 0.416351974 68.826919556
0.422439516 0.071920693 0.903533220 94.685897827 0.004692726 0.996660054 -0.081527576 -6.575902939 -0.906378984 0.038680505 0.420691073 69.151618958
0.426160902 0.076159030 0.901435971 95.353668213 0.001558813 0.996386707 -0.084918022 -6.634175777 -0.904646158 0.037593909 0.424502283 69.480392456
0.430009216 0.078953430 0.899365604 96.016716003 -0.001297616 0.996221840 -0.086835809 -6.694276810 -0.902823567 0.036173169 0.428486943 69.801139832
0.433461517 0.077634864 0.897821724 96.663421631 -0.002563891 0.996384561 -0.084919780 -6.752326012 -0.901168466 0.034507535 0.432093352 70.128356934
0.437701225 0.074232265 0.896050870 97.317932129 -0.001332418 0.996638477 -0.081914462 -6.815676689 -0.899119556 0.034660134 0.436328739 70.451843262
0.441252649 0.071616352 0.894520640 97.960945129 -0.001514099 0.996868312 -0.079063557 -6.866573334 -0.897381663 0.033532608 0.439979255 70.767440796
0.445043832 0.070873894 0.892699718 98.593811035 -0.002576289 0.996960342 -0.077867053 -6.922947884 -0.895505130 0.032354403 0.443873614 71.088821411
0.448123217 0.072432101 0.891032636 99.201545715 -0.004808722 0.996893167 -0.078619070 -6.977849483 -0.893958807 0.030946298 0.447079241 71.406044006
0.450600326 0.073145233 0.889724135 99.810653687 -0.004236436 0.996801734 -0.079802640 -7.033320904 -0.892715752 0.032189835 0.449469030 71.722846985
0.453017980 0.070819832 0.888684034 100.410560608 -0.001624019 0.996903658 -0.078616068 -7.085542679 -0.891499877 0.034171250 0.451730281 72.025573730
0.454785943 0.069923297 0.887851596 101.009979248 0.000038007 0.996911645 -0.078531854 -7.139723301 -0.890600741 0.035748921 0.453378707 72.336433411
0.456982881 0.069495015 0.886756539 101.599693298 -0.000429138 0.996960223 -0.077910513 -7.187909126 -0.889475405 0.035223231 0.455623537 72.634094238
0.458878756 0.068916544 0.885822117 102.177757263 0.000991659 0.996946871 -0.078075692 -7.238181114 -0.888498306 0.036705714 0.457409412 72.937301636
0.461666018 0.070828505 0.884221554 102.739288330 0.000333853 0.996793270 -0.080020100 -7.283583164 -0.887053788 0.037237756 0.460161895 73.226264954
0.464563817 0.070474282 0.882730961 103.295204163 0.003479147 0.996675313 -0.081402227 -7.337755680 -0.885532856 0.040887680 0.462774098 73.520149231
0.467499286 0.069959730 0.881220758 103.846313477 0.005031527 0.996636748 -0.081791848 -7.385697365 -0.883979261 0.042671513 0.465574950 73.814949036
0.470287412 0.068258248 0.879869580 104.386032104 0.007819688 0.996642947 -0.081496865 -7.441863060 -0.882478714 0.045207251 0.468174875 74.122932434
0.474107981 0.067353055 0.877886772 104.896026611 0.009032710 0.996645272 -0.081342585 -7.482437134 -0.880420387 0.046494864 0.471909076 74.363502502
0.477326810 0.066932291 0.876173079 105.414062500 0.010523366 0.996587992 -0.081863962 -7.525760651 -0.878662884 0.048296154 0.474993765 74.647949219
0.480876714 0.066075288 0.874294937 105.929565430 0.010850100 0.996631563 -0.081288666 -7.576703548 -0.876721144 0.048576009 0.478539914 74.933677673
0.483950257 0.065397553 0.872648478 106.434974670 0.012680114 0.996574879 -0.081716873 -7.620822906 -0.875003755 0.050612181 0.481463343 75.222724915
0.488303363 0.066617914 0.870127499 106.942420959 0.012249599 0.996460557 -0.083164401 -7.667379379 -0.872588038 0.051268172 0.485758930 75.498893738
0.491782814 0.066910647 0.868143201 107.438110352 0.014106726 0.996299922 -0.084779240 -7.717700481 -0.870603681 0.053939633 0.489019215 75.802902222
0.496864915 0.070453845 0.864963293 107.925529480 0.011529060 0.996075392 -0.087755993 -7.764409065 -0.867751300 0.053575102 0.494102657 76.083656311
0.502454460 0.076302044 0.861230254 108.408615112 0.008199114 0.995633066 -0.092993140 -7.809846878 -0.864564836 0.053786144 0.499634653 76.371971130
0.508130014 0.083384246 0.857234478 108.892295837 0.002843917 0.995134652 -0.098483697 -7.861983776 -0.861275792 0.052480433 0.505420625 76.677642822
0.513942480 0.089361414 0.853157461 109.372261047 -0.002259631 0.994696856 -0.102825336 -7.918210506 -0.857821643 0.050918493 0.511418998 76.986961365
0.520341992 0.094037808 0.848764360 109.840866089 -0.006172841 0.994306445 -0.106378667 -7.970672131 -0.853935719 0.050114002 0.517960012 77.280578613
0.526117444 0.094358876 0.845160842 110.330314636 -0.010424595 0.994466126 -0.104538888 -8.022186279 -0.850348055 0.046189275 0.524189711 77.593505859
0.531560540 0.093483381 0.841845751 110.825569153 -0.016947182 0.994865596 -0.099774763 -8.077610016 -0.846850872 0.038769409 0.530415535 77.926460266
0.536972642 0.091329873 0.838641286 111.318405151 -0.023045145 0.995339394 -0.093639106 -8.127353668 -0.843284845 0.030955024 0.536574781 78.269119263
0.542956710 0.089590505 0.834968090 111.823974609 -0.029696841 0.995719433 -0.087527804 -8.182835579 -0.839235425 0.022727890 0.543293118 78.605285645
0.549022615 0.087309018 0.831234753 112.333938599 -0.032091115 0.995997787 -0.083419070 -8.234233856 -0.835191190 0.019123709 0.549627185 78.957511902
0.555366755 0.091165803 0.826593339 112.843849182 -0.036982320 0.995696962 -0.084968962 -8.275477409 -0.830782771 0.016619600 0.556348562 79.318199158
0.561234236 0.095211118 0.822162390 113.363113403 -0.041301493 0.995345414 -0.087072998 -8.327807426 -0.826625884 0.014911815 0.562554240 79.696235657
0.567630470 0.098721899 0.817343056 113.887962341 -0.043963309 0.995002627 -0.089648575 -8.370455742 -0.822108865 0.014954153 0.569133937 80.070838928
0.573807061 0.100844055 0.812758267 114.414985657 -0.046254121 0.994796634 -0.090775326 -8.420080185 -0.817683339 0.014494095 0.575485706 80.458755493
